1 0.11328125 0.4796875 0.17109375 0.11015625
1 0.1046875 0.5828125 0.17109375 0.10859375
1 0.134375 0.68359375 0.178125 0.1140625
1 0.26640625 0.73359375 0.15546875 0.1125
1 0.2796875 0.63359375 0.15703125 0.10390625
1 0.265625 0.53671875 0.15 0.10078125
1 0.40546875 0.58359375 0.1609375 0.103125
1 0.409375 0.68125 0.175 0.1078125
1 0.40625 0.77890625 0.15390625 0.10859375
1 0.55703125 0.77734375 0.153125 0.10625
1 0.57421875 0.6734375 0.17109375 0.10859375
1 0.59921875 0.5765625 0.14609375 0.10390625
1 0.69296875 0.7484375 0.146875 0.09765625
1 0.7140625 0.63515625 0.14140625 0.1
1 0.72890625 0.53828125 0.15546875 0.10078125
1 0.859375 0.46953125 0.165625 0.10859375
1 0.878125 0.57421875 0.16953125 0.1046875
1 0.85703125 0.67734375 0.1640625 0.10625
1 0.5046875 0.48515625 0.3125 0.20078125